157
73
80
98
77
157
175
145
188
177
165
95
79
155
86
109
93
77
194
155
76
188
74
252
181
178
86
206
36
173
142
120
158
158
144
60
189
81
149
142
159
205
82
108
95
75
119
78
85
205
168
54
84
130
90
95
99
86
72
158
109
98
75
181
75
145
214
85
68
154
188
77
81
191
189
31
75
186
78
87
155
78
93
78
157
91
86
67
144
107
69
225
58
199
162
73
158
177
138
193
109
76
177
166
60
97
166
67
85
168
181
90
182
204
162
182
179
74
99
128
84
81
218
192
81
186
95
159
199
91
88
149
86
195
184
173
76
164
132
88
166
151
257
88
73
88
97
99
175
72
86
181
73
75
83
164
153
91
99
130
210
97
75
215
86
162
199
86
168
192
83
177
91
135
75
146
79
157
81
210
100
158
70
78
90
86
72
77
161
93
76
162
215
159
106
77
173
87
167
163
101
86
64
204
207
87
65
178
125
195
168
98
82
183
158
67
157
70
171
155
92
224
100
81
67
77
151
177
61
69
83
75
115
95
159
167
109
73
171
164
146
177
79
166
166
83
70
76
210
136
197
152
171
95
157
251
94
81
79
89
172
99
100
175
73
159
60
159
82
73
37
83
145
73
80
176
152
181
44
86
121
88
91
103
168
181
89
144
89
158
241
92
86
86
73
75
144
160
162
73
65
154
103
83
121
75
69
89
168
201
71
57
59
88
182
69
52
156
161
149
209
55
73
171
83
158
76
80
151
177
86
91
86
77
187
78
165
162
155
94
73
83
210
81
153
152
183
156
166
176
237
78
83
168
75
87
86
78
82
82
57
203
74
177
144
57
101
81
155
62
74
174
86
89
177
86
155
144
195
75
80
105
78
86
178
165
194
157
90
86
258
90
113
50
177
158
89
153
140
104
84
103
88
95
37
178
145
158
205
90
230
177
171
178
258
170
77
148
76
154
90
86
175
157
159
183
88
86
82
170
66
159
68
76
147
81
64
74
95
148
150
158
94
171
209
84
156
172
177
68
90
89
258
156
84
159
233
64
178
90
159
157
74
74
158
240
77
74
68
153
95
84
183
209
158
75
160
77
58
186
179
245
81
164
178
135
157
159
160
69
172
161
78
77
166
178
77
78
89
176
174
201
153
93
186
58
81
81
110
83
74
143
86
95
207
126
145
162
177
84
177
79
256
79
143
177
86
158
131
66
77
236
72
79
171
160
69
93
72
161
85
157
142
92
87
170
76
68
190
200
69
71
187
151
133
97
164
175
86
84
111
35
157
152
157
212
159
155
164
153
106
160
169
101
156
79
91
73
77
175
150
177
171
176
72
177
77
89
78
258
182
175
130
80
194
96
155
63
85
114
88
149
76
167
214
74
79
158
100
198
88
147
147
166
177
86
158
187
71
51
75
78
78
75
85
173
76
174
78
81
189
79
159
76
134
85
202
158
83
196
67
177
162
82
70
83
154
144
97
97
196
84
86
94
154
159
177
198
74
84
89
178
183
35
160
68
98
101
75
76
215
156
82
93
74
207
169
158
186
155
145
80
68
111
86
66
86
202
177
94
167
158
87
180
157
162
178
57
65
156
66
165
78
210
166
157
175
73
83
171
63
74
113
79
67
208
141
86
164
147
196
154
95
90
159
170
122
177
172
156
86
154
77
175
72
150
86
78
96
263
85
109
158
99
86
131
150
177
161
79
86
51
70
224
148
168
146
146
140
80
87
177
216
88
70
92
156
72
171
158
77
85
201
175
136
95
84
166
159
81
66
178
203
86
82
69
67
96
160
254
171
206
39
78
81
150
156
167
182
77
258
82
93
166
85
158
74
151
54
151
165
75
75
151
82
205
109
149
180
160
137
70
173
178
161
218
181
87
157
156
163
93
77
81
178
75
212
164
170
84
86
203
79
164
146
225
159
161
96
156
207
88
159
66
155
31
78
73
179
164
159
78
168
69
163
80
171
163
148
170
137
203
224
75
67
120
154
77
65
134
98
78
75
79
161
86
254
181
196
196
137
171
144
175
78
257
145
151
83
73
81
86
67
75
73
155
68
139
162
101
137
178
245
80
79
86
81
67
125
89
74
78
97
160
71
178
182
76
161
105
81
93
91
157
180
169
161
75
71
137
155
181
87
161
162
174
70
171
156
207
65
157
162
96
66
138
80
172
72
76
177
91
171
86
163
100
89
207
99
151
52
162
86
191
182
81
182
76
204
175
88
86
137
153
156
154
231
150
183
57
155
194
83
107
62
171
199
172
76
79
161
81
238
74
153
157
153
82
175
74
78
79
142
147
89
168
165
104
156
141
179
163
185
158
182
156
101
89
158
86
151
133
203
191
177
107
86
181
73
80
174
197
66
164
145
83
190
86
159
76
185
207
76
146
125
154
162
82
75
100
76
218
105
90
189
168
157
69
105
88
159
86
254
95
82
98
59
157
78
201
77
205
175
138
173
162
156
154
67
182
159
76
161
141
165
155
159
84
88
140
169
71
89
167
177
81
150
174
83
174
177
179
159
97
89
65
84
78
258
177
84
238
187
79
145
158
172
87
158
187
161
148
69
153
84
155
73
93
156
145
81
215
79
86
80
159
74
105
78
182
162
162
128
154
153
74
160
63
208
63
105
86
80
129
73
162
86
86
75
158
175
105
87
89
77
217
90
74
87
162
45
151
163
107
182
198
71
159
153
85
95
203
100
154
86
135
158
215
92
177
172
259
69
222
73
258
203
178
115
161
88
185
168
161
155
97
185
152
158
147
191
171
81
78
93
86
81
102
86
77
86
183
93
160
50
115
78
165
94
187
86
89
144
84
178
88
101
169
155
86
86
181
179
64
70
190
81
181
166
164
165
174
180
88
97
195
70
77
220
75
255
75
199
153
79
72
86
151
99
78
123
192
159
158
116
68
166
98
86
175
80
72
256
163
86
139
78
79
51
79
57
67
157
144
164
77
208
192
156
73
86
78
77
154
67
146
70
26
162
76
75
65
253
94
214
185
84
152
85
208
179
94
151
77
186
188
165
77
159
175
168
151
76
80
74
237
105
156
194
89
81
64
77
161
177
174
120
141
145
65
156
104
138
84
86
162
132
207
65
149
63
236
150
175
191
58
139
257
52
172
69
161
161
81
101
99
203
164
158
193
68
185
150
145
86
79
61
84
153
82
101
173
177
168
86
168
148
151
197
66
94
177
154
74
177
173
72
171
78
234
154
74
140
184
77
76
147
97
166
197
171
158
81
82
81
73
83
66
158
86
78
53
245
85
238
62
178
76
209
77
132
80
167
77
77
161
158
84
157
63
140
167
171
78
93
77
58
153
150
80
69
80
175
195
106
86
187
78
144
72
77
175
69
81
52
170
83
61
99
98
83
194
162
164
158
75
73
91
55
177
148
163
131
159
192
87
257
144
64
78
74
86
155
69
158
92
171
65
159
207
75
144
169
158
64
162
178
91
139
168
140
92
137
38
156
243
127
144
136
73
66
94
171
73
172
146
73
93
167
93
150
69
155
156
107
133
135
151
58
162
168
161
86
187
75
78
193
183
158
169
149
161
159
174
158
159
181
91
76
104
155
154
168
141
76
74
177
155
156
159
156
189
156
136
91
73
164
72
86
78
91
159
173
81
84
78
175
162
158
89
181
79
81
179
163
167
44
142
178
137
157
84
152
152
161
86
181
98
204
67
215
157
231
171
199
147
77
188
97
67
76
155
78
177
86
71
77
176
156
98
71
177
137
208
81
63
90
31
86
73
100
201
78
181
77
56
75
141
151
171
128
182
168
87
258
66
87
162
75
79
130
86
205
93
70
65
164
83
178
163
155
81
243
96
162
115
85
78
77
158
77
86
78
155
79
78
77
80
177
90
76
70
177
165
163
163
138
85
165
238
69
171
74
85
83
141
97
200
153
154
157
156
71
161
75
219
83
80
79
78
168
79
158
78
86
159
169
149
200
151
171
76
74
86
197
164
80
76
131
95
146
172
163
186
240
137
164
193
88
170
85
177
54
136
164
152
85
87
81
94
161
156
177
86
156
77
212
153
77
167
194
148
123
201
165
81
87
78
150
81
146
84
144
73
156
86
133
70
182
70
151
215
146
213
87
82
79
88
77
174
151
151
84
81
73
87
178
81
72
168
150
81
175
170
190
78
80
88
163
74
157
77
173
92
74
107
107
80
184
51
91
154
191
149
73
88
82
81
164
71
87
160
164
169
173
42
77
192
69
71
79
94
60
184
78
65
69
175
70
159
203
73
200
92
251
167
102
161
173
94
188
204
159
159
123
207
178
141
76
101
80
162
95
157
212
80
74
130
87
78
85
87
180
176
86
79
157
78
204
68
151
163
238
97
178
154
181
85
199
75
136
86
87
166
81
148
187
156
57
159
107
93
196
134
96
180
57
77
52
141
66
174
86
158
66
210
216
75
142
65
189
175
167
182
177
171
72
74
77
188
188
66
157
183
88
87
150
77
65
155
62
204
179
240
76
77
159
184
103
168
96
70
162
219
160
82
77
138
78
163
172
86
168
174
56
80
70
160
162
71
89
165
149
86
171
83
86
75
77
81
131
93
79
81
161
66
86
86
79
164
89
210
168
56
151
171
80
154
177
71
182
76
168
161
155
177
164
171
153
73
155
131
141
186
212
255
153
171
253
186
92
74
87
159
157
146
216
104
118
157
169
72
158
180
210
203
170
87
89
74
177
86
70
76
93
137
149
85
75
189
71
159
158
165
147
177
165
71
145
77
90
140
156
166
86
207
152
83
189
77
168
181
192
200
76
153
86
150
74
255
163
74
160
75
177
190
76
174
177
79
177
56
150
164
146
156
165
71
79
73
158
54
77
153
150
163
102
78
79
96
182
177
158
188
224
138
139
90
88
218
81
189
75
202
157
87
65
159
177
124
182
79
90
154
171
173
167
92
158
157
75
89
70
131
74
156
101
177
175
148
79
192
77
78
156
140
171
82
150
162
201
168
51
99
96
208
78
78
162
91
84
147
158
93
80
80
72
177
83
82
68
85
121
77
130
48
177
215
77
164
70
230
167
132
178
44
169
176
76
76
70
91
72
200
90
74
195
147
86
183
86
192
173
153
85
119
80
165
86
128
94
191
86
84
68
64
166
82
191
152
176
138
189
216
188
88
212
72
102
154
155
81
69
180
75
73
164
162
158
182
176
159
169
155
71
75
76
174
240
80
171
75
178
138
81
160
91
114
77
183
69
171
103
161
73
171
81
147
67
79
153
75
117
67
180
186
77
160
153
75
81
183
86
81
137
86
80
144
89
106
151
149
76
81
67
176
171
240
72
170
85
82
153
177
156
93
77
80
158
175
147
86
145
209
94
76
142
77
200
153
73
86
85
158
174
155
66
70
163
186
163
195
155
69
193
77
78
218
59
151
72
85
156
75
140
151
159
177
185
157
163
216
150
156
178
78
224
91
90
157
159
86
155
157
86
224
159
77
101
76
172
68
159
90
171
84
75
96
89
141
110
155
192
163
184
180
158
155
170
159
151
82
171
205
157
70
144
203
74
104
122
191
160
76
158
73
77
193
73
161
157
155
156
158
139
86
77
144
163
153
164
200
74
158
74
90
190
97
81
183
91
81
157
178
70
163
92
69
76
62
57
177
156
70
162
93
59
182
145
163
143
57
142
82
119
185
168
147
156
80
176
69
78
92
178
77
218
76
154
54
158
171
79
158
178
122
194
177
162
101
74
197
186
196
98
164
79
78
165
154
155
95
177
75
193
72
82
167
195
210
81
165
194
86
81
66
88
76
76
78
91
179
77
66
104
69
78
201
195
74
146
86
76
182
90
117
77
71
154
215
62
101
54
205
194
164
70
75
161
190
60
88
71
86
171
79
182
92
154
92
77
210
181
167
222
82
118
76
210
130
95
200
98
76
153
154
241
73
77
181
193
144
182
212
138
177
168
90
149
92
80
62
95
70
256
153
189
86
146
58
116
89
127
187
78
215
185
72
164
77
192
92
203
51
169
73
39
149
145
214
160
86
162
166
79
74
154
80
161
77
81
90
69
150
77
158
113
75
73
156
76
86
177
83
165
68
176
83
75
91
175
161
164
93
73
77
155
73
102
256
73
155
83
161
185
76
248
68
171
165
78
35
86
155
91
165
86
77
84
150
57
80
202
139
88
180
74
199
85
168
86
75
146
137
86
177
100
77
132
94
84
97
216
151
81
158
153
81
85
86
171
149
183
154
162
138
137
85
159
93
74
90
138
78
165
153
182
176
177
95
169
193
179
146
164
89
148
168
190
144
127
150
161
189
143
150
167
75
160
90
92
209
172
79
50
76
203
89
80
146
76
89
203
78
79
68
74
160
85
73
76
75
70
211
162
170
91
177
150
87
83
175
179
237
80
153
78
157
171
161
131
91
158
157
86
185
68
133
95
92
81
153
152
81
166
99
129
154
74
161
84
156
75
170
162
60
73
78
76
87
79
158
78
81
72
212
74
134
94
203
144
158
144
78
77
190
80
53
116
78
156
166
80
209
72
156
190
161
177
181
147
160
131
80
100
81
102
91
153
178
151
81
172
94
155
147
86
173
156
77
86
77
255
182
77
154
179
178
168
100
81
190
191
77
75
184
92
78
172
86
86
75
75
157
85
149
168
77
142
74
68
176
77
80
174
79
162
157
162
159
67
97
161
84
132
147
174
132
72
69
77
88
86
165
156
140
197
192
87
156
79
148
151
201
75
70
171
66
179
172
50
158
79
208
72
79
77
169
63
162
216
175
172
90
158
86
150
74
74
174
185
84
75
148
75
168
77
95
69
96
171
75
160
171
68
185
115
78
177
83
260
194
69
155
67
157
176
157
66
251
196
167
152
70
86
141
86
162
76
103
159
87
117
162
58
69
146
172
72
110
176
171
220
154
71
43
95
178
55
258
211
180
81
158
83
91
81
165
89
162
63
178
130
88
204
87
61
258
144
77
60
157
77
78
77
185
183
56
74
75
71
52
192
77
90
141
154
77
156
159
159
76
147
205
214
163
177
142
173
156
81
251
77
85
166
100
210
81
178
131
87
76
137
187
142
144
70
168
172
77
82
145
160
158
237
148
224
157
159
77
80
200
74
78
188
79
178
95
88
154
169
177
78
68
176
159
254
182
78
87
156
148
159
157
166
88
92
86
76
76
78
85
67
116
196
180
177
84
146
162
166
171
77
181
167
146
174
156
86
88
74
170
136
72
159
88
82
171
78
77
92
203
69
89
158
144
79
86
169
93
149
148
72
254
181
97
78
154
194
203
159
177
81
182
149
79
156
154
123
154
105
134
156
196
75
133
80
65
89
84
243
81
79
74
182
109
86
76
144
121
166
228
155
149
77
182
77
159
159
87
79
254
98
70
168
63
94
152
83
171
90
194
78
81
139
71
205
75
163
87
201
68
142
76
150
157
210
87
154
183
205
158
91
86
83
79
164
139
149
115
82
100
188
159
83
75
159
126
158
175
213
190
110
75
86
191
99
161
87
185
182
164
90
145
48
75
156
70
98
90
104
81
120
172
201
148
131
159
74
151
161
154
157
53
74
87
77
177
75
161
109
177
209
179
169
86
174
86
72
160
145
73
172
245
80
83
185
81
159
62
177
169
78
158
258
154
195
191
91
76
78
168
80
156
184
81
164
84
254
79
201
177
80
73
154
48
85
93
155
220
76
162
79
77
158
204
194
158
157
72
71
149
152
242
86
74
171
84
216
83
76
49
163
84
77
159
197
205
130
128
72
169
92
80
195
146
164
186
170
74
195
153
71
155
187
64
168
182
76
159
77
153
146
77
74
74
170
157
154
82
158
156
160
95
150
210
109
176
157
153
86
132
177
154
76
73
77
69
73
81
177
88
67
146
93
207
88
77
187
76
66
258
63
72
101
71
157
161
87
79
158
196
125
132
148
178
169
61
81
139
80
87
69
84
77
185
77
211
71
184
240
76
190
163
175
83
173
175
133
102
83
178
90
191
85
75
72
88
70
80
182
171
81
159
164
156
166
197
204
143
85
79
159
78
149
98
184
134
100
161
87
184
162
177
141
91
134
173
158
240
89
85
177
185
183
160
87
69
167
154
257
157
90
81
73
194
77
166
157
80
72
86
53
86
123
96
155
167
150
86
172
161
175
76
72
175
154
77
80
163
109
168
98
72
158
162
175
102
185
90
155
65
85
83
151
175
155
160
170
162
179
63
154
197
163
159
87
79
81
177
152
86
198
82
54
162
155
93
188
86
76
149
91
161
154
82
78
162
151
71
171
157
185
133
133
94
81
76
81
178
148
76
204
73
77
174
93
140
161
84
85
76
71
197
130
94
180
174
158
168
187
207
173
103
91
88
157
179
149
150
77
165
76
142
86
77
82
77
156
174
183
158
155
161
160
86
70
107
71
76
74
76
210
176
143
163
168
163
147
81
51
88
155
150
156
207
150
158
190
176
85
78
73
258
172
77
179
178
168
175
89
187
177
81
61
85
73
79
66
67
162
85
154
159
71
